2022/02/16-22:56:05.052363 7f03c0d3ea00 RocksDB version: 5.7.5
2022/02/16-22:56:05.052496 7f03c0d3ea00 Git sha rocksdb_build_git_sha:
2022/02/16-22:56:05.052498 7f03c0d3ea00 Compile date Nov 25 2021
2022/02/16-22:56:05.052500 7f03c0d3ea00 DB SUMMARY
2022/02/16-22:56:05.052699 7f03c0d3ea00 CURRENT file:  CURRENT
2022/02/16-22:56:05.052701 7f03c0d3ea00 IDENTITY file:  IDENTITY
2022/02/16-22:56:05.052706 7f03c0d3ea00 MANIFEST file:  MANIFEST-000014 size: 59 Bytes
2022/02/16-22:56:05.052708 7f03c0d3ea00 SST files in MitraEDB dir, Total Num: 0, files: 
2022/02/16-22:56:05.052710 7f03c0d3ea00 Write Ahead Log file in MitraEDB: 000015.log size: 0 ; 
2022/02/16-22:56:05.052721 7f03c0d3ea00                         Options.error_if_exists: 0
2022/02/16-22:56:05.052723 7f03c0d3ea00                       Options.create_if_missing: 1
2022/02/16-22:56:05.052724 7f03c0d3ea00                         Options.paranoid_checks: 1
2022/02/16-22:56:05.052725 7f03c0d3ea00                                     Options.env: 0x947120
2022/02/16-22:56:05.052726 7f03c0d3ea00                                Options.info_log: 0x1627200
2022/02/16-22:56:05.052728 7f03c0d3ea00                Options.max_file_opening_threads: 16
2022/02/16-22:56:05.052729 7f03c0d3ea00                               Options.use_fsync: 0
2022/02/16-22:56:05.052730 7f03c0d3ea00                       Options.max_log_file_size: 0
2022/02/16-22:56:05.052731 7f03c0d3ea00                  Options.max_manifest_file_size: 18446744073709551615
2022/02/16-22:56:05.052732 7f03c0d3ea00                   Options.log_file_time_to_roll: 0
2022/02/16-22:56:05.052734 7f03c0d3ea00                       Options.keep_log_file_num: 1000
2022/02/16-22:56:05.052735 7f03c0d3ea00                    Options.recycle_log_file_num: 0
2022/02/16-22:56:05.052736 7f03c0d3ea00                         Options.allow_fallocate: 1
2022/02/16-22:56:05.052737 7f03c0d3ea00                        Options.allow_mmap_reads: 1
2022/02/16-22:56:05.052738 7f03c0d3ea00                       Options.allow_mmap_writes: 0
2022/02/16-22:56:05.052740 7f03c0d3ea00                        Options.use_direct_reads: 0
2022/02/16-22:56:05.052741 7f03c0d3ea00                        Options.use_direct_io_for_flush_and_compaction: 0
2022/02/16-22:56:05.052742 7f03c0d3ea00          Options.create_missing_column_families: 0
2022/02/16-22:56:05.052743 7f03c0d3ea00                              Options.db_log_dir: 
2022/02/16-22:56:05.052762 7f03c0d3ea00                                 Options.wal_dir: MitraEDB
2022/02/16-22:56:05.052764 7f03c0d3ea00                Options.table_cache_numshardbits: 4
2022/02/16-22:56:05.052765 7f03c0d3ea00                      Options.max_subcompactions: 1
2022/02/16-22:56:05.052766 7f03c0d3ea00                  Options.max_background_flushes: -1
2022/02/16-22:56:05.052767 7f03c0d3ea00                         Options.WAL_ttl_seconds: 0
2022/02/16-22:56:05.052769 7f03c0d3ea00                       Options.WAL_size_limit_MB: 0
2022/02/16-22:56:05.052770 7f03c0d3ea00             Options.manifest_preallocation_size: 4194304
2022/02/16-22:56:05.052771 7f03c0d3ea00                     Options.is_fd_close_on_exec: 1
2022/02/16-22:56:05.052772 7f03c0d3ea00                   Options.advise_random_on_open: 1
2022/02/16-22:56:05.052773 7f03c0d3ea00                    Options.db_write_buffer_size: 0
2022/02/16-22:56:05.052774 7f03c0d3ea00         Options.access_hint_on_compaction_start: 1
2022/02/16-22:56:05.052776 7f03c0d3ea00  Options.new_table_reader_for_compaction_inputs: 1
2022/02/16-22:56:05.052777 7f03c0d3ea00               Options.compaction_readahead_size: 0
2022/02/16-22:56:05.052778 7f03c0d3ea00           Options.random_access_max_buffer_size: 1048576
2022/02/16-22:56:05.052779 7f03c0d3ea00           Options.writable_file_max_buffer_size: 1048576
2022/02/16-22:56:05.052780 7f03c0d3ea00                      Options.use_adaptive_mutex: 0
2022/02/16-22:56:05.052782 7f03c0d3ea00                            Options.rate_limiter: (nil)
2022/02/16-22:56:05.052783 7f03c0d3ea00     Options.sst_file_manager.rate_bytes_per_sec: 0
2022/02/16-22:56:05.052784 7f03c0d3ea00                          Options.bytes_per_sync: 0
2022/02/16-22:56:05.052795 7f03c0d3ea00                      Options.wal_bytes_per_sync: 0
2022/02/16-22:56:05.052796 7f03c0d3ea00                       Options.wal_recovery_mode: 2
2022/02/16-22:56:05.052797 7f03c0d3ea00                  Options.enable_thread_tracking: 0
2022/02/16-22:56:05.052799 7f03c0d3ea00                  Options.enable_pipelined_write: 0
2022/02/16-22:56:05.052800 7f03c0d3ea00         Options.allow_concurrent_memtable_write: 1
2022/02/16-22:56:05.052801 7f03c0d3ea00      Options.enable_write_thread_adaptive_yield: 1
2022/02/16-22:56:05.052802 7f03c0d3ea00             Options.write_thread_max_yield_usec: 100
2022/02/16-22:56:05.052803 7f03c0d3ea00            Options.write_thread_slow_yield_usec: 3
2022/02/16-22:56:05.052804 7f03c0d3ea00                               Options.row_cache: None
2022/02/16-22:56:05.052806 7f03c0d3ea00                              Options.wal_filter: None
2022/02/16-22:56:05.052807 7f03c0d3ea00             Options.avoid_flush_during_recovery: 0
2022/02/16-22:56:05.052808 7f03c0d3ea00             Options.allow_ingest_behind: 0
2022/02/16-22:56:05.052809 7f03c0d3ea00             Options.concurrent_prepare: 0
2022/02/16-22:56:05.052810 7f03c0d3ea00             Options.manual_wal_flush: 0
2022/02/16-22:56:05.052812 7f03c0d3ea00             Options.max_background_jobs: 2
2022/02/16-22:56:05.052813 7f03c0d3ea00             Options.max_background_compactions: 20
2022/02/16-22:56:05.052814 7f03c0d3ea00             Options.avoid_flush_during_shutdown: 0
2022/02/16-22:56:05.052815 7f03c0d3ea00             Options.delayed_write_rate : 16777216
2022/02/16-22:56:05.052817 7f03c0d3ea00             Options.max_total_wal_size: 0
2022/02/16-22:56:05.052818 7f03c0d3ea00             Options.delete_obsolete_files_period_micros: 21600000000
2022/02/16-22:56:05.052819 7f03c0d3ea00                   Options.stats_dump_period_sec: 600
2022/02/16-22:56:05.052820 7f03c0d3ea00                          Options.max_open_files: -1
2022/02/16-22:56:05.052821 7f03c0d3ea00 Compression algorithms supported:
2022/02/16-22:56:05.052823 7f03c0d3ea00 	Snappy supported: 1
2022/02/16-22:56:05.052824 7f03c0d3ea00 	Zlib supported: 1
2022/02/16-22:56:05.052825 7f03c0d3ea00 	Bzip supported: 1
2022/02/16-22:56:05.052826 7f03c0d3ea00 	LZ4 supported: 1
2022/02/16-22:56:05.052827 7f03c0d3ea00 	ZSTD supported: 0
2022/02/16-22:56:05.052829 7f03c0d3ea00 Fast CRC32 supported: 0
2022/02/16-22:56:05.053019 7f03c0d3ea00               Options.comparator: leveldb.BytewiseComparator
2022/02/16-22:56:05.053021 7f03c0d3ea00           Options.merge_operator: None
2022/02/16-22:56:05.053022 7f03c0d3ea00        Options.compaction_filter: None
2022/02/16-22:56:05.053023 7f03c0d3ea00        Options.compaction_filter_factory: None
2022/02/16-22:56:05.053025 7f03c0d3ea00         Options.memtable_factory: SkipListFactory
2022/02/16-22:56:05.053026 7f03c0d3ea00            Options.table_factory: CuckooTable
2022/02/16-22:56:05.053033 7f03c0d3ea00            table_factory options:   hash_table_ratio: 0.900000
  max_search_depth: 100
  cuckoo_block_size: 5
  identity_as_first_hash: 0
2022/02/16-22:56:05.053034 7f03c0d3ea00        Options.write_buffer_size: 314572
2022/02/16-22:56:05.053036 7f03c0d3ea00  Options.max_write_buffer_number: 2
2022/02/16-22:56:05.053037 7f03c0d3ea00          Options.compression: NoCompression
2022/02/16-22:56:05.053038 7f03c0d3ea00                  Options.bottommost_compression: Disabled
2022/02/16-22:56:05.053040 7f03c0d3ea00       Options.prefix_extractor: nullptr
2022/02/16-22:56:05.053041 7f03c0d3ea00   Options.memtable_insert_with_hint_prefix_extractor: nullptr
2022/02/16-22:56:05.053042 7f03c0d3ea00             Options.num_levels: 7
2022/02/16-22:56:05.053043 7f03c0d3ea00        Options.min_write_buffer_number_to_merge: 1
2022/02/16-22:56:05.053045 7f03c0d3ea00     Options.max_write_buffer_number_to_maintain: 0
2022/02/16-22:56:05.053046 7f03c0d3ea00            Options.compression_opts.window_bits: -14
2022/02/16-22:56:05.053047 7f03c0d3ea00                  Options.compression_opts.level: -1
2022/02/16-22:56:05.053055 7f03c0d3ea00               Options.compression_opts.strategy: 0
2022/02/16-22:56:05.053056 7f03c0d3ea00         Options.compression_opts.max_dict_bytes: 0
2022/02/16-22:56:05.053057 7f03c0d3ea00      Options.level0_file_num_compaction_trigger: 10
2022/02/16-22:56:05.053058 7f03c0d3ea00          Options.level0_slowdown_writes_trigger: 16
2022/02/16-22:56:05.053060 7f03c0d3ea00              Options.level0_stop_writes_trigger: 36
2022/02/16-22:56:05.053061 7f03c0d3ea00                   Options.target_file_size_base: 314572
2022/02/16-22:56:05.053062 7f03c0d3ea00             Options.target_file_size_multiplier: 1
2022/02/16-22:56:05.053063 7f03c0d3ea00                Options.max_bytes_for_level_base: 3145728
2022/02/16-22:56:05.053065 7f03c0d3ea00 Options.level_compaction_dynamic_level_bytes: 0
2022/02/16-22:56:05.053066 7f03c0d3ea00          Options.max_bytes_for_level_multiplier: 10.000000
2022/02/16-22:56:05.053068 7f03c0d3ea00 Options.max_bytes_for_level_multiplier_addtl[0]: 1
2022/02/16-22:56:05.053070 7f03c0d3ea00 Options.max_bytes_for_level_multiplier_addtl[1]: 1
2022/02/16-22:56:05.053071 7f03c0d3ea00 Options.max_bytes_for_level_multiplier_addtl[2]: 1
2022/02/16-22:56:05.053072 7f03c0d3ea00 Options.max_bytes_for_level_multiplier_addtl[3]: 1
2022/02/16-22:56:05.053073 7f03c0d3ea00 Options.max_bytes_for_level_multiplier_addtl[4]: 1
2022/02/16-22:56:05.053075 7f03c0d3ea00 Options.max_bytes_for_level_multiplier_addtl[5]: 1
2022/02/16-22:56:05.053076 7f03c0d3ea00 Options.max_bytes_for_level_multiplier_addtl[6]: 1
2022/02/16-22:56:05.053077 7f03c0d3ea00       Options.max_sequential_skip_in_iterations: 8
2022/02/16-22:56:05.053078 7f03c0d3ea00                    Options.max_compaction_bytes: 7864300
2022/02/16-22:56:05.053080 7f03c0d3ea00                        Options.arena_block_size: 39321
2022/02/16-22:56:05.053081 7f03c0d3ea00   Options.soft_pending_compaction_bytes_limit: 68719476736
2022/02/16-22:56:05.053082 7f03c0d3ea00   Options.hard_pending_compaction_bytes_limit: 137438953472
2022/02/16-22:56:05.053083 7f03c0d3ea00       Options.rate_limit_delay_max_milliseconds: 100
2022/02/16-22:56:05.053085 7f03c0d3ea00                Options.disable_auto_compactions: 0
2022/02/16-22:56:05.053086 7f03c0d3ea00                        Options.compaction_style: kCompactionStyleLevel
2022/02/16-22:56:05.053088 7f03c0d3ea00                          Options.compaction_pri: kByCompensatedSize
2022/02/16-22:56:05.053089 7f03c0d3ea00 Options.compaction_options_universal.size_ratio: 1
2022/02/16-22:56:05.053090 7f03c0d3ea00 Options.compaction_options_universal.min_merge_width: 2
2022/02/16-22:56:05.053091 7f03c0d3ea00 Options.compaction_options_universal.max_merge_width: 4294967295
2022/02/16-22:56:05.053093 7f03c0d3ea00 Options.compaction_options_universal.max_size_amplification_percent: 200
2022/02/16-22:56:05.053094 7f03c0d3ea00 Options.compaction_options_universal.compression_size_percent: -1
2022/02/16-22:56:05.053095 7f03c0d3ea00 Options.compaction_options_universal.stop_style: kCompactionStopStyleTotalSize
2022/02/16-22:56:05.053096 7f03c0d3ea00 Options.compaction_options_fifo.max_table_files_size: 1073741824
2022/02/16-22:56:05.053098 7f03c0d3ea00 Options.compaction_options_fifo.allow_compaction: 0
2022/02/16-22:56:05.053099 7f03c0d3ea00 Options.compaction_options_fifo.ttl: 0
2022/02/16-22:56:05.053100 7f03c0d3ea00                   Options.table_properties_collectors: 
2022/02/16-22:56:05.053101 7f03c0d3ea00                   Options.inplace_update_support: 0
2022/02/16-22:56:05.053103 7f03c0d3ea00                 Options.inplace_update_num_locks: 10000
2022/02/16-22:56:05.053104 7f03c0d3ea00               Options.memtable_prefix_bloom_size_ratio: 0.000000
2022/02/16-22:56:05.053105 7f03c0d3ea00   Options.memtable_huge_page_size: 0
2022/02/16-22:56:05.053107 7f03c0d3ea00                           Options.bloom_locality: 0
2022/02/16-22:56:05.053108 7f03c0d3ea00                    Options.max_successive_merges: 0
2022/02/16-22:56:05.053109 7f03c0d3ea00                Options.optimize_filters_for_hits: 0
2022/02/16-22:56:05.053114 7f03c0d3ea00                Options.paranoid_file_checks: 0
2022/02/16-22:56:05.053115 7f03c0d3ea00                Options.force_consistency_checks: 0
2022/02/16-22:56:05.053117 7f03c0d3ea00                Options.report_bg_io_stats: 0
